1000
0
220.000
13.0000
1.00000e+10 1.00000 50.0000 0.00000 0.00000 0.00000 293.345 0.00000
0.00000 0.00000 49.1928 -0.516352 0.0456743 -55.2769 438.157 133.264
0.00000 0.00000 52.0832 -0.154648 -0.103109 -3.14334 240.686 14.8995
0.00000 0.00000 50.4405 0.120137 -1.39865 -1.65402 434.636 1.34589
0.00000 0.00000 49.7547 -0.0812071 0.220287 44.9355 294.501 64.2060
0.00000 0.00000 50.8404 0.107619 0.739174 -57.6987 226.370 18.7358
0.00000 0.00000 50.5667 0.113311 0.0326398 17.6879 230.435 -2.48147
0.00000 0.00000 49.3493 -0.268423 0.278103 88.4266 245.624 48.3426
0.00000 0.00000 50.1324 -0.588469 0.389201 15.6533 273.541 53.7886
0.00000 0.00000 51.3963 0.0481779 -0.205489 -49.4856 348.386 -68.0216
0.00000 0.00000 48.5905 -0.0453212 -0.264238 79.9865 176.120 79.0736
0.00000 0.00000 49.6458 0.489141 -0.532900 6.44414 280.898 17.8069
0.00000 0.00000 51.3596 0.736493 -0.481401 -18.3244 306.573 -34.4343
0.00000 0.00000 50.6871 1.97670 -1.70785 88.1703 284.406 -34.1211
0.00000 0.00000 48.8486 -0.431591 0.347898 -13.9706 399.398 58.3764
0.00000 0.00000 49.3427 -0.780182 -0.771467 80.2022 350.942 34.6898
0.00000 0.00000 51.9622 0.213169 -1.52954 10.4671 176.386 -22.8051
0.00000 0.00000 51.0405 -0.185201 -0.801407 17.1058 219.124 -37.1311
0.00000 0.00000 50.3891 0.266407 0.401212 -147.548 248.635 -33.5439
0.00000 0.00000 49.2786 0.0173496 0.253687 -55.2170 212.760 -79.0258
0.00000 0.00000 49.4440 0.449535 0.198335 7.70119 184.262 8.19271
0.00000 0.00000 50.2017 0.219057 0.353222 -50.0095 201.858 -35.4556
0.00000 0.00000 49.8136 0.769026 -0.271102 -52.7017 260.290 4.55766
0.00000 0.00000 50.5444 -0.329405 -0.156524 130.332 280.871 20.0286
0.00000 0.00000 50.5063 0.290121 0.288153 71.5937 338.258 50.2680
0.00000 0.00000 48.3346 0.0275227 0.222640 58.8725 332.840 -13.2546
0.00000 0.00000 48.7024 -1.37993 -0.0777905 2.81983 256.061 113.271
0.00000 0.00000 49.6238 1.37830 1.24536 19.6870 288.656 -61.0661
0.00000 0.00000 49.5539 6.35495 0.246913 89.8445 282.453 63.0734
0.00000 0.00000 49.8484 -1.35606 -0.298382 62.4993 284.157 -92.0492
0.00000 0.00000 50.0023 1.71355 0.759913 150.580 242.284 43.9803
0.00000 0.00000 49.5227 2.00711 0.162425 -7.17741 286.125 -6.61940
0.00000 0.00000 50.5815 -1.34681 0.679475 -46.6012 219.093 -52.8152
0.00000 0.00000 50.0031 0.334482 0.0753939 -113.256 262.525 163.810
0.00000 0.00000 50.2347 3.40636 -3.06376 -58.6533 259.609 -24.3459
0.00000 0.00000 50.0422 -0.866899 2.03655 -141.484 286.828 -25.8694
0.00000 0.00000 48.8983 1.32972 -1.74106 38.1018 232.857 -18.1319
0.00000 0.00000 49.2551 0.172098 0.234930 -90.8082 256.399 -12.2687
0.00000 0.00000 47.8322 0.913086 0.151443 47.2514 252.512 -152.317
0.00000 0.00000 49.3753 -0.158434 -0.00893252 -65.3795 214.524 -14.8743
0.00000 0.00000 49.6395 2.19053 -0.188678 41.2859 217.828 -120.225
0.00000 0.00000 49.2752 -0.500573 0.103995 -120.870 353.301 -24.0089
0.00000 0.00000 50.4540 0.0870863 0.348407 25.1777 216.194 100.775
0.00000 0.00000 50.2878 0.0994743 -0.787367 18.6574 308.183 5.85201
0.00000 0.00000 49.9572 0.321497 -2.33867 14.2252 189.780 -67.0751
0.00000 0.00000 49.7541 -0.734562 0.304492 30.4183 236.069 30.4937
0.00000 0.00000 50.6600 0.217029 0.267165 -51.4990 279.914 -126.994
0.00000 0.00000 49.4678 9.87205 0.273827 65.3371 285.527 -14.8515
0.00000 0.00000 51.3452 6.02769 0.546331 -32.0507 295.029 90.9057
0.00000 0.00000 51.0468 7.62021 0.341405 15.2048 327.564 -35.1890
0.00000 0.00000 50.4678 -0.873639 0.700464 40.9633 386.206 -40.0846
0.00000 0.00000 49.4834 -0.407508 -0.649326 79.8579 374.424 187.640
0.00000 0.00000 49.8294 0.130624 0.610134 22.6421 261.468 -66.6298
0.00000 0.00000 49.5241 -0.108346 -1.01354 38.1619 330.805 42.2277
0.00000 0.00000 51.2075 0.0849743 0.374197 -34.8942 375.377 47.6120
0.00000 0.00000 50.1261 -0.0343768 -0.468813 88.9531 289.589 -15.5959
0.00000 0.00000 49.9430 0.713561 -0.335070 -2.84468 359.647 -154.192
0.00000 0.00000 50.2518 0.549433 0.264222 129.252 318.449 -16.5583
0.00000 0.00000 50.1330 -0.589907 -1.14602 -55.4762 161.249 -66.2278
0.00000 0.00000 49.2231 0.299758 -0.0514165 79.1196 351.958 -80.3833
0.00000 0.00000 49.5075 0.712250 0.215320 -45.0544 257.378 79.0817
0.00000 0.00000 50.2372 -0.0418676 -0.204856 46.8452 376.123 -52.7346
0.00000 0.00000 50.5227 -1.25753 -0.0518735 106.171 239.999 107.354
0.00000 0.00000 48.4005 -2.88841 -0.273408 22.4880 293.947 -12.1304
0.00000 0.00000 49.7643 -3.44497 -0.675857 3.37113 246.105 -26.5879
0.00000 0.00000 51.8931 0.135098 -0.392302 69.3182 406.197 -61.7713
0.00000 0.00000 49.9970 0.337808 -0.311326 16.0465 227.297 93.4866
0.00000 0.00000 50.2887 0.0908894 -0.654759 -57.5549 276.567 55.4148
0.00000 0.00000 49.8652 -0.202599 -1.07378 175.207 444.108 -4.04331
0.00000 0.00000 49.9414 -0.459146 -0.0519408 -91.0619 300.178 -67.4398
0.00000 0.00000 50.2303 -0.201761 0.164534 -0.418371 384.002 -12.4099
0.00000 0.00000 51.1331 -0.315145 -0.0536959 -57.1247 248.816 171.443
0.00000 0.00000 50.2943 0.198650 0.192915 90.9284 158.836 38.6463
0.00000 0.00000 49.4683 -0.757215 0.0269859 -11.8382 321.281 34.4053
0.00000 0.00000 50.0241 0.746225 -0.577968 102.308 266.032 3.66181
0.00000 0.00000 50.0532 -0.331751 0.732145 15.1079 252.563 -51.3152
0.00000 0.00000 51.7630 -0.0431479 -1.37186 -19.4552 280.687 -42.3259
0.00000 0.00000 49.7215 -0.581334 -0.514629 22.1312 291.775 -74.4795
0.00000 0.00000 50.6370 -0.245348 -0.521941 -70.7114 208.246 -56.8064
0.00000 0.00000 50.2023 -0.301712 1.16357 -46.6864 231.383 64.3276
0.00000 0.00000 49.7869 -0.224197 0.0467759 50.5661 187.817 8.92447
0.00000 0.00000 48.8389 -0.101841 0.603551 17.9093 191.972 12.5701
0.00000 0.00000 49.9583 0.458643 -0.306332 55.3213 299.303 -52.5763
0.00000 0.00000 49.7265 0.614286 1.64846 -117.546 372.734 -12.9996
0.00000 0.00000 47.8845 -0.389962 1.21419 -38.1183 212.522 19.2938
0.00000 0.00000 51.1295 -0.368186 0.214885 30.4201 183.672 -1.73338
0.00000 0.00000 50.8754 -1.57964 -0.281747 36.5695 263.690 -94.9122
0.00000 0.00000 52.4168 0.979431 0.257349 0.0827925 250.209 -94.0792
0.00000 0.00000 50.4229 -0.872099 0.588352 38.6126 330.237 -23.0776
0.00000 0.00000 51.2511 0.651401 -0.215842 20.1674 303.658 8.58409
0.00000 0.00000 50.0322 -1.52855 0.0757018 21.9963 338.170 37.4651
0.00000 0.00000 49.3850 4.35710 0.347977 119.589 301.926 -90.1215
0.00000 0.00000 49.8342 -0.791625 -0.296252 19.2521 239.592 18.6880
0.00000 0.00000 49.9931 -0.540602 -0.761473 9.63163 358.061 -67.3270
0.00000 0.00000 51.3296 0.766266 0.377039 10.0294 231.082 -103.647
0.00000 0.00000 48.3353 0.922763 0.368468 -56.1313 294.536 5.59739
0.00000 0.00000 49.5939 -0.654180 0.342282 54.8878 205.755 138.512
0.00000 0.00000 49.8679 0.157398 -2.69842 47.8887 226.319 2.06400
0.00000 0.00000 50.1515 -0.0360185 1.18882 77.2000 339.793 31.5801
0.00000 0.00000 49.8046 -0.908683 -0.693997 -6.43878 258.418 13.9977
0.00000 0.00000 50.0457 0.0507218 0.395802 138.472 282.249 -26.2424
0.00000 0.00000 49.6558 0.277358 -0.0924519 -68.1760 259.229 113.370
0.00000 0.00000 50.5197 -2.61104 -0.167064 -1.67205 265.266 31.6483
0.00000 0.00000 50.3325 -0.499159 -0.0997583 15.8452 365.373 -64.6984
0.00000 0.00000 50.1693 -0.246725 -0.207736 -48.1531 260.988 -85.0638
0.00000 0.00000 48.9451 -1.06495 -0.376465 60.4338 238.996 -108.213
0.00000 0.00000 49.4607 1.97307 0.308676 97.2670 235.501 -32.4921
0.00000 0.00000 49.7074 -0.315809 -0.500410 26.4969 254.938 -47.6418
0.00000 0.00000 50.0754 0.395145 0.410844 -6.59692 283.566 -53.1044
0.00000 0.00000 49.9619 0.416987 0.864113 -114.515 199.278 60.6665
0.00000 0.00000 51.2452 -1.36477 -0.352282 0.00524419 196.965 47.6270
0.00000 0.00000 49.6665 1.45152 -0.730165 149.124 304.282 -114.485
0.00000 0.00000 49.8341 -0.451757 -0.236214 102.285 247.580 -21.9416
0.00000 0.00000 50.3697 1.11170 -0.377459 23.4804 306.709 -158.589
0.00000 0.00000 48.7066 1.75910 0.269191 -15.9603 246.017 81.5818
0.00000 0.00000 52.1266 -0.925275 -0.940732 -51.0670 246.946 -24.7952
0.00000 0.00000 50.6441 -0.907271 0.0259076 -16.1203 262.981 81.0208
0.00000 0.00000 49.6293 0.301767 -0.585396 -122.474 241.091 40.0094
0.00000 0.00000 49.8389 1.59830 0.0616306 -46.5771 307.963 2.74575
0.00000 0.00000 50.0974 -0.381327 0.901862 -6.67354 264.410 -5.49389
0.00000 0.00000 51.6820 -0.149006 -0.483241 19.0212 147.875 -123.502
0.00000 0.00000 49.2008 -1.30196 -0.820066 20.3878 309.391 -44.9543
0.00000 0.00000 51.5795 -0.913129 -0.0746657 -14.5152 276.812 -57.7051
0.00000 0.00000 49.5647 0.121867 0.570929 51.5980 355.684 42.4840
0.00000 0.00000 50.2543 -0.137482 -0.0108480 -164.680 324.419 -56.3989
0.00000 0.00000 49.3905 0.0796075 0.887051 -34.3329 219.535 3.24996
0.00000 0.00000 48.8025 0.262004 -0.126574 53.3545 420.065 -48.8435
0.00000 0.00000 50.1738 0.194168 0.247243 -58.9361 241.663 -0.528804
0.00000 0.00000 49.3461 0.700233 -0.256511 71.9025 327.764 4.31632
0.00000 0.00000 50.7333 0.162732 0.521436 -54.6946 314.711 -26.4819
0.00000 0.00000 49.4278 0.919508 0.956507 -108.845 326.816 8.33406
0.00000 0.00000 49.5132 -0.144417 0.212772 78.3847 194.035 26.2790
0.00000 0.00000 50.3228 1.09568 -1.01452 -78.5215 326.388 -35.4418
0.00000 0.00000 49.6790 -0.824477 -0.364276 -46.7163 393.448 -11.1158
0.00000 0.00000 50.3649 0.0842279 -0.400700 97.1377 344.758 -0.0843859
0.00000 0.00000 47.8880 -0.114991 -0.192930 -38.0481 368.723 74.8702
0.00000 0.00000 48.9574 0.968440 0.335774 -8.21720 407.726 -84.4049
0.00000 0.00000 51.5668 -0.833345 -0.386210 -9.12563 269.187 -3.76117
0.00000 0.00000 50.4339 -0.382075 -0.813551 54.2513 265.557 122.773
0.00000 0.00000 50.2938 -1.59070 -0.449650 -36.1807 327.031 32.6239
0.00000 0.00000 51.4140 -0.0320411 -0.238980 76.5798 327.520 -69.5166
0.00000 0.00000 49.4170 -0.352241 0.339772 -95.9446 335.820 1.51310
0.00000 0.00000 49.7320 -0.357302 -0.448128 -7.74664 424.867 -77.5299
0.00000 0.00000 50.4878 -0.771605 0.590302 -79.9855 251.038 -5.48248
0.00000 0.00000 49.4068 -0.177600 -0.155097 34.4519 162.682 -26.7700
0.00000 0.00000 49.5098 -0.0882358 -0.290104 50.5529 283.655 7.26922
0.00000 0.00000 51.2772 -0.168875 -0.401421 -52.6964 212.920 -61.7553
0.00000 0.00000 51.3930 -0.193738 0.333201 73.1104 195.067 -161.387
0.00000 0.00000 50.0408 0.482606 0.159611 -67.6217 411.225 15.4822
0.00000 0.00000 49.8149 0.586437 0.616346 -53.4762 253.827 60.7631
0.00000 0.00000 49.4538 -2.05288 0.328909 -55.2696 294.446 -0.753536
0.00000 0.00000 50.2547 0.755715 -0.160010 -11.0194 391.002 203.899
0.00000 0.00000 48.6695 2.64982 -0.00124106 41.1744 270.404 -73.9712
0.00000 0.00000 50.6923 2.25812 -0.113159 -23.7914 295.880 -11.2927
0.00000 0.00000 50.0960 -1.65219 0.104675 -45.8926 287.034 29.8166
0.00000 0.00000 49.6909 -1.30437 -0.154656 -137.654 221.692 -53.7407
0.00000 0.00000 50.5678 -1.05128 -1.14109 -67.7146 243.627 52.9839
0.00000 0.00000 50.0918 0.441490 0.0782483 -35.5738 273.571 69.6711
0.00000 0.00000 50.2917 -6.26020 -1.86516 -90.6970 284.321 -30.5168
0.00000 0.00000 50.3378 2.49975 -0.742417 -3.16573 348.009 -7.62050
0.00000 0.00000 49.5604 2.61895 0.0299281 -120.352 313.615 179.952
0.00000 0.00000 50.2076 0.0619042 0.445714 3.10039 449.145 -24.8182
0.00000 0.00000 49.2710 -0.143885 0.700015 11.4379 292.706 1.55441
0.00000 0.00000 49.1484 0.118226 -0.0220209 64.8873 280.061 -6.08683
0.00000 0.00000 50.5298 2.41001 0.673952 -81.8885 330.326 33.9220
0.00000 0.00000 50.2153 1.16841 -0.214116 -15.0318 314.980 -109.533
0.00000 0.00000 50.9106 -1.56967 0.159917 12.4756 273.488 62.5633
0.00000 0.00000 49.8284 1.85550 0.427448 49.9096 343.503 1.74794
0.00000 0.00000 51.1534 -5.35328 0.325160 18.0889 298.686 -40.8352
0.00000 0.00000 49.3698 5.36704 -0.0744982 11.1396 280.463 21.1857
0.00000 0.00000 48.9990 -0.0610371 0.0260872 64.5941 335.923 -8.01012
0.00000 0.00000 50.0698 0.333629 -0.0736188 47.8173 229.672 -185.094
0.00000 0.00000 50.2641 1.10548 0.689599 -144.582 323.381 5.88086
0.00000 0.00000 50.2604 -0.160994 -0.0194070 -66.8175 444.096 -72.9043
0.00000 0.00000 49.8374 -0.116938 -0.299092 49.6330 334.418 88.7152
0.00000 0.00000 49.7904 -1.09815 0.324852 27.9842 374.736 -162.282
0.00000 0.00000 50.6296 0.308077 -0.147359 -9.32161 318.532 79.7933
0.00000 0.00000 50.6721 -0.585632 0.178040 5.65673 331.447 0.897814
0.00000 0.00000 50.5918 0.993449 1.63714 -169.323 309.160 -13.4485
0.00000 0.00000 49.8584 -0.561718 0.0220732 2.87402 289.880 -31.0856
0.00000 0.00000 50.2398 0.413050 -0.963657 -114.277 309.059 -33.1682
0.00000 0.00000 49.7508 0.398377 -1.56241 -78.8865 241.795 -33.3487
0.00000 0.00000 50.4394 5.84730 -1.51037 -16.1180 253.856 -33.0308
0.00000 0.00000 49.9033 -0.497131 1.21302 6.18827 292.272 12.5373
0.00000 0.00000 48.3409 -1.69398 0.490077 63.6398 274.731 -47.2536
0.00000 0.00000 50.6677 0.208795 -0.911575 -36.3566 369.960 -62.0654
0.00000 0.00000 49.9462 0.317801 -0.0638989 -89.9891 182.413 77.3496
0.00000 0.00000 49.6748 -0.965271 -0.123382 -139.820 372.454 99.9826
0.00000 0.00000 50.3089 0.378832 -0.0851222 21.6738 328.855 -83.7522
0.00000 0.00000 49.3181 -0.351712 -0.355241 -37.1964 340.301 94.9734
0.00000 0.00000 49.5931 0.363098 0.0984192 -107.298 187.988 16.6860
0.00000 0.00000 49.5782 -0.182022 -1.16557 26.0343 372.128 2.23989
0.00000 0.00000 49.1680 0.228573 -0.535379 83.3712 265.490 -55.4579
0.00000 0.00000 50.0204 -0.290733 0.00751318 -38.0219 340.032 103.316
0.00000 0.00000 50.0929 0.991769 0.137419 -102.323 303.573 42.7135
0.00000 0.00000 48.3331 1.53653 -0.707793 -83.5571 295.009 -96.4887
0.00000 0.00000 48.8383 2.08808 3.03485 -72.4676 295.122 -9.85061
0.00000 0.00000 50.3401 0.424851 -7.47205 -26.8155 348.238 0.112486
0.00000 0.00000 49.9291 -0.533343 -0.358508 -117.205 320.062 -8.92698
0.00000 0.00000 50.7286 0.603579 -0.967761 -70.3205 309.422 35.5078
0.00000 0.00000 50.8058 -1.42905 0.627711 -66.1312 334.836 -17.0912
0.00000 0.00000 50.4310 1.33505 0.442650 58.9545 272.303 -14.4825
0.00000 0.00000 49.9548 -0.250579 0.532221 -34.2534 300.207 57.8403
0.00000 0.00000 49.2319 -0.498910 0.437712 84.9915 309.957 16.8542
0.00000 0.00000 49.9336 0.0778178 -0.694029 78.0004 189.473 -134.858
0.00000 0.00000 50.2299 0.0620534 0.0471762 -53.1371 259.190 -93.7576
0.00000 0.00000 50.6709 -0.691406 0.238192 41.4526 307.444 51.5368
0.00000 0.00000 49.7147 0.199627 -0.596311 -66.7528 298.594 7.26840
0.00000 0.00000 49.4821 1.74867 -1.32100 30.8301 250.863 17.7019
0.00000 0.00000 49.3382 -0.435464 0.174602 -38.3928 231.208 59.7775
0.00000 0.00000 51.3751 0.842302 0.744589 17.9889 311.360 -17.5823
0.00000 0.00000 46.7870 -0.559197 0.479896 -30.9423 397.201 38.0670
0.00000 0.00000 50.7268 0.468181 -0.900563 -35.9059 346.731 105.933
0.00000 0.00000 50.0978 0.114227 0.500862 13.8368 338.738 -129.011
0.00000 0.00000 49.8178 -0.297372 0.463438 -18.0512 423.141 57.3893
0.00000 0.00000 49.6044 -1.63264 -0.110245 -108.550 392.420 -123.510
0.00000 0.00000 50.2388 -2.17093 0.103577 -6.92549 300.509 24.1287
0.00000 0.00000 50.0569 -0.114892 0.314032 -78.9506 254.300 -5.12577
0.00000 0.00000 50.5245 0.144778 0.422802 -121.340 353.995 68.0987
0.00000 0.00000 50.1158 0.211781 0.0896963 -67.0104 382.600 -59.8141
0.00000 0.00000 50.9419 -0.577223 -0.449696 27.0754 188.659 20.4754
0.00000 0.00000 51.5221 -0.000546595 -0.284109 76.7764 394.261 13.6361
0.00000 0.00000 50.5952 -0.231273 -0.607014 -19.9671 114.308 61.4114
0.00000 0.00000 46.8291 0.195808 -1.22260 -46.2549 297.342 -32.7422
0.00000 0.00000 51.8362 -0.329173 1.95677 7.58025 349.319 -13.8866
0.00000 0.00000 49.1495 0.257761 -1.90864 26.4915 273.289 -38.6947
0.00000 0.00000 50.4558 -0.708859 0.930207 6.11119 272.112 45.2438
0.00000 0.00000 49.7778 0.122775 0.0755320 15.1745 228.722 -72.4175
0.00000 0.00000 49.9750 2.22196 0.312264 17.9647 285.658 2.61270
0.00000 0.00000 49.9410 2.53345 -0.0331313 108.248 276.656 160.080
0.00000 0.00000 50.1670 0.248827 -0.0348834 -115.907 140.024 -58.2313
0.00000 0.00000 49.1513 -0.572895 -0.144352 -23.7951 239.960 -51.3636
0.00000 0.00000 49.1027 -0.425499 -0.253118 -43.2345 233.479 96.0934
0.00000 0.00000 48.1194 0.622324 -0.249240 -42.4849 321.786 -193.871
0.00000 0.00000 47.6056 -0.399385 -0.315790 12.5425 262.733 20.8436
0.00000 0.00000 51.3720 -0.165676 -0.425718 34.2005 225.942 50.1804
0.00000 0.00000 52.9277 1.11848 -0.354535 -1.56552 328.073 -31.1924
0.00000 0.00000 50.3115 -0.171697 0.499615 31.7039 411.734 8.79514
0.00000 0.00000 50.2165 0.347570 1.25980 5.86124 349.574 7.79209
0.00000 0.00000 49.3682 -0.101321 0.233625 -27.7454 315.632 68.8814
0.00000 0.00000 49.9579 0.491184 -0.0871957 31.3769 283.783 6.51672
0.00000 0.00000 50.1231 0.341821 -0.343082 32.1240 189.925 -19.8987
0.00000 0.00000 49.1391 1.14198 1.04665 99.2597 246.101 68.6417
0.00000 0.00000 51.3606 -0.598692 1.15051 -90.9531 310.538 89.7002
0.00000 0.00000 49.9937 -0.173033 -0.116812 31.9561 221.132 39.8067
0.00000 0.00000 50.2766 1.64800 0.379898 45.7879 281.328 27.9314
0.00000 0.00000 49.7128 0.968498 0.700839 -124.351 387.095 -30.6290
0.00000 0.00000 49.8495 -0.238212 0.718958 91.9062 328.816 -13.8622
0.00000 0.00000 50.5015 -0.569297 0.294565 11.0693 356.309 -54.0270
0.00000 0.00000 49.5082 0.616333 -0.0425999 -36.9854 365.044 -2.68698
0.00000 0.00000 49.6169 -0.301465 -0.0551988 -38.7558 323.230 -72.5224
0.00000 0.00000 51.9232 -0.774639 -0.0723621 -35.6868 244.032 48.2613
0.00000 0.00000 50.5419 -0.154421 0.509768 64.1059 371.549 -40.7067
0.00000 0.00000 50.3084 0.447825 -0.296594 -50.8514 195.844 46.7796
0.00000 0.00000 50.0374 -0.528404 -0.240629 -97.5049 324.226 16.9820
0.00000 0.00000 49.7555 0.0794484 -0.548895 104.523 232.646 -29.1815
0.00000 0.00000 50.1190 -0.0151360 0.483282 139.654 463.940 67.7554
0.00000 0.00000 49.9606 0.455988 1.14544 -141.641 302.598 77.2406
0.00000 0.00000 50.5385 0.257549 -1.80165 -1.01676 343.130 12.3493
0.00000 0.00000 49.8490 0.133713 1.39771 -36.6825 375.241 27.9037
0.00000 0.00000 50.3560 -0.0855880 -0.333858 -26.5635 454.425 69.0554
0.00000 0.00000 50.0868 0.00868958 -0.611136 -127.663 222.297 -93.6170
0.00000 0.00000 50.8613 -0.607427 -0.257152 -39.3073 382.026 -50.4297
0.00000 0.00000 49.8934 -0.214798 -0.374660 76.0591 424.410 -3.56312
0.00000 0.00000 52.3168 -0.338411 0.920387 -82.0148 365.411 100.830
0.00000 0.00000 50.4587 0.799207 0.390998 -4.33012 216.186 42.1853
0.00000 0.00000 51.1974 1.14804 1.06455 -10.2998 204.266 -127.031
0.00000 0.00000 49.7263 -0.832129 0.225621 -15.0357 265.177 53.0999
0.00000 0.00000 48.9639 1.09239 0.770985 -11.2520 280.468 -33.4363
0.00000 0.00000 49.5704 -0.690244 0.0574821 -55.9326 328.347 161.152
0.00000 0.00000 49.5950 0.662039 0.571713 -15.5202 411.421 85.2014
0.00000 0.00000 50.4981 -0.0339122 1.31422 -14.4993 332.200 75.9994
0.00000 0.00000 49.2399 -0.164447 1.56280 90.5502 228.841 55.8588
0.00000 0.00000 50.4833 -0.723044 0.681789 -131.209 373.422 -2.72161
0.00000 0.00000 50.4577 0.494255 0.131770 97.1136 221.564 41.7623
0.00000 0.00000 49.9896 0.733889 0.00574153 55.3801 382.303 -88.8149
0.00000 0.00000 50.2300 -0.627769 -0.0834677 -180.616 324.467 -56.6708
0.00000 0.00000 50.0219 0.124093 -0.741085 77.6510 285.152 -12.4008
0.00000 0.00000 50.1126 -0.618460 0.330527 -10.1241 329.592 75.1112
0.00000 0.00000 51.5265 0.521014 -0.185065 -26.0880 243.227 -58.9131
0.00000 0.00000 50.6567 -0.278287 0.158901 9.84097 356.571 30.7925
0.00000 0.00000 50.9120 0.0103858 2.05447 -33.6234 322.253 30.9489
0.00000 0.00000 50.5064 0.00681879 -1.03061 -138.671 289.830 94.1734
0.00000 0.00000 49.5501 0.350860 -0.809897 -24.6278 222.300 30.1584
0.00000 0.00000 49.4225 0.274371 -0.00238973 -61.9983 223.081 25.4071
0.00000 0.00000 49.7873 -0.377133 -0.165783 66.2151 227.782 -23.5602
0.00000 0.00000 49.3177 0.130111 -0.563206 11.7476 151.010 -77.5328
0.00000 0.00000 50.2077 -0.00342109 -1.54897 -4.49746 304.819 34.7313
0.00000 0.00000 50.4118 0.109823 -0.799483 -124.193 335.442 -53.7611
0.00000 0.00000 50.0466 0.432004 -0.254535 82.8169 304.361 -6.91662
0.00000 0.00000 49.8539 0.401343 0.364066 -109.035 371.421 -35.2897
0.00000 0.00000 48.6174 -0.475473 0.200582 11.9778 310.824 97.3808
0.00000 0.00000 50.7038 -0.167106 1.99807 -94.2059 337.768 72.9642
0.00000 0.00000 48.1971 0.864196 0.275821 -59.3425 324.867 3.14190
0.00000 0.00000 50.2786 2.33386 -0.743443 -35.0382 292.439 105.089
0.00000 0.00000 50.7404 0.761283 0.198244 30.1150 317.675 41.9248
0.00000 0.00000 49.6964 1.19182 0.267664 -51.1955 228.556 89.5464
0.00000 0.00000 50.4544 -0.112061 0.0535584 64.7622 408.998 -15.6842
0.00000 0.00000 50.7060 0.218127 -1.39286 48.7252 279.440 74.3370
0.00000 0.00000 49.7060 0.569481 -0.0948907 -30.1755 245.117 9.06569
0.00000 0.00000 50.9683 0.530900 0.352922 32.9474 356.713 -54.8017
0.00000 0.00000 48.4631 -0.138678 -0.0147101 43.4191 389.882 74.3499
0.00000 0.00000 49.0622 0.105152 -0.247351 116.644 280.492 105.272
0.00000 0.00000 49.8629 8.09545 -0.271458 -7.34280 262.637 106.095
0.00000 0.00000 50.0249 3.40027 0.0421957 42.6133 323.458 89.3884
0.00000 0.00000 49.9018 -0.938655 -0.157685 -21.1031 366.433 -38.8434
0.00000 0.00000 49.9255 -0.458174 0.200772 -103.218 330.395 174.065
0.00000 0.00000 51.1061 0.290469 -0.821413 -102.523 296.003 13.7124
0.00000 0.00000 49.4793 0.303598 -0.843229 3.39859 284.839 12.0323
0.00000 0.00000 50.1434 -0.00233835 -0.410301 -119.807 400.440 42.8733
0.00000 0.00000 49.7849 -0.245765 -0.383873 45.8485 276.196 81.8122
0.00000 0.00000 50.2596 -1.25223 0.730951 11.7292 311.437 -65.2227
0.00000 0.00000 49.3157 -0.870431 -0.0649987 -70.1791 250.408 49.1729
0.00000 0.00000 50.4030 -0.576937 -1.58654 -69.5299 273.456 -19.0253
0.00000 0.00000 50.2660 -0.645264 2.35028 14.1289 251.688 -4.18748
0.00000 0.00000 49.4681 -1.79423 0.635245 123.326 334.986 -18.3454
0.00000 0.00000 50.2987 0.265940 -0.0912486 44.2383 376.780 -100.049
0.00000 0.00000 49.7679 0.0952051 0.403701 15.5615 350.002 37.2564
0.00000 0.00000 50.3519 -0.101207 -0.472226 -40.4795 334.154 -95.1261
0.00000 0.00000 49.5175 -0.672753 0.0419508 -12.5465 270.107 -76.7420
0.00000 0.00000 49.2254 -2.43709 -0.663638 156.087 353.836 -74.0971
0.00000 0.00000 49.6492 -0.672276 -0.0566184 -15.5788 298.493 151.814
0.00000 0.00000 50.2810 -2.47288 -0.150316 -22.5683 263.430 -90.6529
0.00000 0.00000 50.2042 0.307993 -0.0275914 -191.254 375.459 169.997
0.00000 0.00000 49.2557 0.0836059 0.217198 -33.4428 195.075 -39.3018
0.00000 0.00000 49.9812 0.135022 0.229763 70.7587 384.495 -54.6786
0.00000 0.00000 50.2071 -1.31833 0.582024 89.2917 302.411 25.1913
0.00000 0.00000 49.8043 1.34587 0.0803170 29.6776 339.354 69.4067
0.00000 0.00000 51.9245 0.901891 0.341410 6.42492 283.581 11.3828
0.00000 0.00000 48.5711 -0.859297 0.672121 37.1596 191.864 59.2523
0.00000 0.00000 49.8450 -0.596514 -0.341875 58.7778 391.210 44.9049
0.00000 0.00000 51.5324 -0.726615 2.51729 92.9797 246.727 -53.8608
0.00000 0.00000 49.5838 0.155076 0.406182 52.0048 329.311 -4.22743
0.00000 0.00000 49.1579 0.584759 -1.44741 43.8247 210.159 -24.2318
0.00000 0.00000 49.3264 -0.00785549 -0.122242 -46.3891 426.871 117.657
0.00000 0.00000 50.4450 -0.0284683 0.210677 24.0778 200.945 -33.4341
0.00000 0.00000 49.4160 -0.323446 -0.796209 -9.08562 351.062 -39.2305
0.00000 0.00000 49.2238 -0.231917 -1.07149 27.5653 301.460 4.23268
0.00000 0.00000 49.6512 -0.901991 -5.53446 -37.4789 212.127 14.0374
0.00000 0.00000 51.4729 0.629714 3.57761 -52.4984 283.445 -40.5912
0.00000 0.00000 49.7131 -0.0126944 0.366115 27.5119 278.540 -62.8931
0.00000 0.00000 49.3529 -0.136350 -0.227049 37.3566 267.375 114.585
0.00000 0.00000 49.9600 1.15229 -0.376007 -162.891 358.126 100.929
0.00000 0.00000 50.2078 0.726390 0.325920 -6.17139 320.597 54.1306
0.00000 0.00000 49.8496 0.787509 0.325461 -17.5032 343.340 -5.64133
0.00000 0.00000 49.9939 0.00663805 0.552338 -14.3086 328.107 -97.6411
0.00000 0.00000 49.1443 -0.118422 -0.320724 88.0851 364.993 -45.6737
0.00000 0.00000 49.9466 -0.200547 -0.424356 -7.53481 385.286 131.751
0.00000 0.00000 49.5954 -0.925303 0.118415 1.25329 349.764 -25.1974
0.00000 0.00000 49.9471 -1.37954 -0.0331413 27.7966 330.250 0.851108
0.00000 0.00000 50.1951 0.852650 0.545546 93.8942 276.758 -16.7540
0.00000 0.00000 49.4266 0.180694 0.723121 33.0294 299.081 -22.2432
0.00000 0.00000 50.6734 1.13087 -0.0887969 0.610420 384.969 -38.1029
0.00000 0.00000 49.9297 0.421939 0.850810 9.97595 373.213 -65.9766
0.00000 0.00000 49.5182 0.362180 -0.572613 29.6811 205.681 0.243248
0.00000 0.00000 50.4300 0.102971 -0.0938528 88.1708 287.126 -56.4538
0.00000 0.00000 49.9881 0.317516 0.123202 -41.8373 241.386 8.11799
0.00000 0.00000 50.5616 0.194217 -0.0284013 -74.0924 236.448 -47.7441
0.00000 0.00000 49.5976 0.188839 -0.419629 -82.5035 300.823 -129.059
0.00000 0.00000 49.4224 0.152081 0.185683 -24.2559 307.809 -70.5922
0.00000 0.00000 50.4048 0.914660 -1.05265 -41.8047 250.985 37.2942
0.00000 0.00000 50.0120 -0.0650137 -0.974453 81.4855 251.130 60.9497
0.00000 0.00000 50.4510 -0.00514696 -2.87898 -37.6145 254.211 55.8636
0.00000 0.00000 49.5940 0.705041 1.37227 -92.4616 425.767 33.4014
0.00000 0.00000 50.3382 0.474342 0.0247716 -117.430 310.283 199.911
0.00000 0.00000 49.3283 0.335748 -0.0532106 12.0842 304.334 60.8134
0.00000 0.00000 52.9973 0.152518 -0.0777089 -53.3218 372.217 -111.345
0.00000 0.00000 47.9329 0.904920 -0.145873 -34.1479 305.040 -73.9235
0.00000 0.00000 51.0509 0.0176003 0.0925843 -41.1344 395.706 -15.6459
0.00000 0.00000 51.2432 0.0609143 -0.0910672 38.8474 348.984 8.30390
0.00000 0.00000 48.1257 -0.255580 0.580137 1.91804 273.940 -78.1838
0.00000 0.00000 48.9500 0.0952965 0.0644855 -55.0145 211.566 20.7146
0.00000 0.00000 50.6684 0.276336 -0.568520 -61.1304 360.546 29.9899
0.00000 0.00000 49.3697 0.345667 0.0561273 6.78807 404.766 79.4194
0.00000 0.00000 50.4678 -0.380657 -0.413321 -17.2095 194.579 -24.4120
0.00000 0.00000 49.7848 -0.289746 0.431048 -45.8155 286.395 121.866
0.00000 0.00000 50.5134 -0.797414 0.314154 -8.98722 329.577 -7.78442
0.00000 0.00000 49.7614 -0.872297 -0.246066 -67.6059 289.959 29.8833
0.00000 0.00000 49.1818 0.522101 -0.816209 159.717 347.174 4.13878
0.00000 0.00000 49.7667 -2.47421 0.0312159 9.91692 215.871 57.9077
0.00000 0.00000 49.5365 0.341708 0.0819085 29.8117 302.288 1.04957
0.00000 0.00000 49.9978 0.338017 -0.142644 -131.981 275.079 24.1569
0.00000 0.00000 49.2708 -0.156022 -0.0529083 37.4115 226.315 -51.7277
0.00000 0.00000 50.1046 0.376719 0.199679 -7.99310 296.284 90.9032
0.00000 0.00000 50.6411 -1.19289 0.346970 -160.141 308.134 76.7758
0.00000 0.00000 49.8067 0.257078 -0.117386 -3.68959 232.956 21.5026
0.00000 0.00000 50.9099 0.311887 0.603430 -63.4007 238.048 100.963
0.00000 0.00000 50.6652 0.415874 0.0308694 -21.2976 161.378 -33.0017
0.00000 0.00000 50.7991 0.208808 0.0858395 25.2572 285.494 -24.7193
0.00000 0.00000 50.7326 -0.181987 -0.0457058 -38.4271 210.333 17.9591
0.00000 0.00000 51.9468 0.265055 -0.148180 13.0807 285.767 -4.17571
0.00000 0.00000 48.7065 -0.0732883 0.0287861 31.9550 441.806 12.7193
0.00000 0.00000 48.2794 3.92899 0.106753 5.12723 337.247 187.943
0.00000 0.00000 50.1394 0.318697 0.473099 -106.275 265.505 -97.4940
0.00000 0.00000 50.4633 1.78395 0.142259 23.8000 296.763 -126.643
0.00000 0.00000 50.5170 -0.914190 -0.0198393 -20.7130 301.828 -124.905
0.00000 0.00000 48.8003 -0.926787 0.112625 22.5525 410.548 145.990
0.00000 0.00000 49.7415 0.588066 -0.241343 6.69831 209.609 58.2558
0.00000 0.00000 48.7753 -0.470677 0.586122 105.147 258.331 29.2790
0.00000 0.00000 50.6950 -0.277887 -1.02919 132.525 432.802 -48.5320
0.00000 0.00000 50.4118 0.283485 0.449735 0.0943456 308.355 11.0250
0.00000 0.00000 50.2046 0.677913 0.194286 67.6500 340.691 -54.1779
0.00000 0.00000 49.8657 0.681664 0.379684 -69.8411 367.849 95.0924
0.00000 0.00000 49.4402 0.0616908 5.34713 -50.6685 272.728 36.2556
0.00000 0.00000 50.2653 2.43461 0.350013 -92.5431 221.158 -41.4683
0.00000 0.00000 50.6175 2.25189 4.10105 34.1466 306.482 -51.5616
0.00000 0.00000 49.4240 1.24316 0.455152 -25.5165 308.170 23.3686
0.00000 0.00000 49.3443 0.0530013 -0.798783 6.11740 284.292 -23.4946
0.00000 0.00000 49.6684 -0.109243 0.205440 -68.1311 201.241 -29.5297
0.00000 0.00000 49.9856 -0.485142 -0.446237 20.8306 425.107 -70.3252
0.00000 0.00000 49.8428 -0.934863 -0.102624 50.0311 393.436 38.7535
0.00000 0.00000 49.3853 -0.285489 -0.0754351 -62.9316 364.919 -121.031
0.00000 0.00000 49.9311 0.154839 -1.10296 -79.9381 271.542 17.4971
0.00000 0.00000 50.4840 0.595369 0.0949670 -55.2744 370.504 49.2108
0.00000 0.00000 50.4960 -0.0142119 0.834950 -39.3213 202.122 113.128
0.00000 0.00000 50.4057 -0.462346 2.76001 33.0431 372.499 53.7054
0.00000 0.00000 50.4960 0.257545 3.44646 -65.5330 244.855 8.07901
0.00000 0.00000 49.2955 -0.988109 -1.01615 154.023 234.588 8.96027
0.00000 0.00000 49.4648 2.15733 -0.132723 -13.9482 256.618 -91.2116
0.00000 0.00000 50.2286 -0.268448 0.390121 9.03852 216.045 -112.868
0.00000 0.00000 50.0974 -0.277299 0.179292 86.8951 230.955 -53.2724
0.00000 0.00000 50.0764 0.00458623 0.0223194 -17.7939 354.574 -50.6366
0.00000 0.00000 49.9293 -0.620281 -0.735651 -2.82606 335.136 32.3797
0.00000 0.00000 49.7516 -0.151339 -1.35240 -81.3339 365.664 59.1261
0.00000 0.00000 50.4350 -0.124938 -0.127946 -4.19810 232.834 -69.1028
0.00000 0.00000 50.8468 0.193134 0.274673 53.3903 301.985 40.2277
0.00000 0.00000 50.2507 0.385371 0.0813547 -14.9093 323.733 75.1808
0.00000 0.00000 49.9232 -0.200340 0.639012 -20.3864 306.394 -19.3103
0.00000 0.00000 50.4011 0.103788 -1.08208 -95.9373 261.307 69.4096
0.00000 0.00000 50.3149 0.465182 -0.487825 88.7726 306.185 -40.5371
0.00000 0.00000 49.7135 -0.641172 0.154184 121.369 283.958 54.9864
0.00000 0.00000 49.8269 -0.225074 -0.454937 -114.190 242.501 -123.710
0.00000 0.00000 50.1535 0.258847 0.171974 94.0620 420.439 47.2285
0.00000 0.00000 50.8167 -0.155240 -0.254662 -2.36654 278.800 -122.184
0.00000 0.00000 50.3396 -0.0570673 0.0462145 19.2009 307.008 62.1669
0.00000 0.00000 51.3414 -0.134123 0.0575813 29.3889 186.622 -2.53515
0.00000 0.00000 49.7558 -0.387049 1.27802 -24.2447 168.596 39.4564
0.00000 0.00000 50.7732 -0.169748 1.55162 9.06797 376.524 -6.51849
0.00000 0.00000 49.5385 -0.312467 -1.06369 37.5270 326.674 -91.6625
0.00000 0.00000 50.2206 0.0304411 -0.0913700 -14.5795 252.442 13.4510
0.00000 0.00000 51.3951 0.168048 -0.343064 -52.4896 266.948 -73.9476
0.00000 0.00000 49.8871 0.0554943 0.198751 -12.2865 202.429 -48.1465
0.00000 0.00000 49.7996 0.308972 -0.0367986 4.00328 335.739 85.2174
0.00000 0.00000 50.2543 -0.408269 -0.470421 -138.116 225.850 30.4630
0.00000 0.00000 49.2088 -0.0887007 -0.448724 -72.9271 271.068 -67.9956
0.00000 0.00000 48.3067 -0.238110 -0.471282 -42.4253 386.217 -50.7325
0.00000 0.00000 52.4854 -0.503672 0.297332 2.21396 231.552 28.4032
0.00000 0.00000 50.1773 0.902502 0.157140 -1.58004 303.004 30.4709
0.00000 0.00000 49.3780 0.467868 -0.627505 14.3892 285.487 -129.269
0.00000 0.00000 50.3432 -0.120991 0.196549 -38.8522 406.392 -53.0526
0.00000 0.00000 50.7599 -0.0378519 -0.0122192 35.1758 287.913 -115.346
0.00000 0.00000 50.6929 -0.845907 -2.89185 -16.1145 257.329 76.2813
0.00000 0.00000 50.5648 -0.0960082 -0.0516145 19.3810 198.927 -4.52476
0.00000 0.00000 50.2640 0.215109 -0.170993 82.5188 235.043 -14.5047
0.00000 0.00000 49.9251 0.526478 -0.214325 23.4799 277.779 -62.7302
0.00000 0.00000 49.6392 0.0286406 -1.43125 -6.67345 287.169 118.645
0.00000 0.00000 49.5936 0.719251 0.0620874 90.0781 253.793 80.1473
0.00000 0.00000 49.9361 -0.133805 -0.294172 -38.3005 437.008 -45.3014
0.00000 0.00000 49.0195 1.50511 0.442099 -22.6649 231.309 150.439
0.00000 0.00000 50.0969 -1.07126 0.725160 -49.8034 324.569 -24.3090
0.00000 0.00000 50.9748 1.40333 1.39244 -57.6732 260.709 29.1542
0.00000 0.00000 50.2463 0.517345 -0.664579 -35.8659 232.626 45.0253
0.00000 0.00000 50.1304 2.73974 -0.163622 -43.4042 288.722 45.5951
0.00000 0.00000 50.0203 2.07346 0.278029 -23.3813 308.293 -15.0624
0.00000 0.00000 50.1522 0.629256 -0.0803493 93.1323 274.496 66.8096
0.00000 0.00000 48.1690 0.527873 0.293970 83.7605 182.252 -88.1066
0.00000 0.00000 47.7516 -0.767029 -0.0225981 -7.44148 349.412 131.595
0.00000 0.00000 49.2722 -1.27110 -0.204399 -41.8552 276.214 161.384
0.00000 0.00000 50.5134 0.459254 0.277571 26.5892 355.162 112.431
0.00000 0.00000 48.6697 -0.0152101 0.452021 9.69274 274.742 -136.761
0.00000 0.00000 49.6543 -0.116848 -0.149563 -21.0019 203.233 -132.627
0.00000 0.00000 49.7916 0.0589870 -0.0256175 -122.151 394.577 36.0160
0.00000 0.00000 49.9916 -0.152397 0.455801 16.4667 295.820 -107.314
0.00000 0.00000 50.5750 0.692189 0.0763968 -16.7148 302.340 -115.105
0.00000 0.00000 49.9956 -0.470974 0.0409809 132.580 272.760 -157.042
0.00000 0.00000 49.9114 0.506532 -0.127200 43.4930 292.543 121.829
0.00000 0.00000 49.8071 0.477360 0.180609 -139.936 362.273 159.565
0.00000 0.00000 49.1675 -1.48548 -0.733691 -36.0324 270.659 17.1680
0.00000 0.00000 49.6448 -0.268587 0.799414 -109.840 225.590 63.6323
0.00000 0.00000 49.5301 1.00331 0.0645609 62.1105 231.070 123.766
0.00000 0.00000 50.2725 -0.875101 -0.656732 7.06328 234.064 -82.3498
0.00000 0.00000 50.0426 -0.267956 -0.154735 17.0525 238.436 -115.660
0.00000 0.00000 49.6106 -0.0897039 0.232786 -12.2474 385.662 14.1535
0.00000 0.00000 49.1139 -0.378126 0.0159227 54.9805 402.716 -18.8692
0.00000 0.00000 50.0433 0.115440 -0.367575 -34.7171 338.061 -10.1072
0.00000 0.00000 49.1661 -2.00547 -1.22870 55.4916 324.362 1.01981
0.00000 0.00000 49.8104 1.91021 -0.0133264 -121.252 255.224 -56.4088
0.00000 0.00000 50.1465 0.00251006 0.980674 54.8818 259.109 134.261
0.00000 0.00000 50.6509 0.320715 -0.546139 102.962 310.535 -24.1720
0.00000 0.00000 50.4756 -0.594445 -0.477147 3.48511 290.526 -23.1749
0.00000 0.00000 48.4215 -0.126116 -0.961433 80.0461 357.403 -40.1945
0.00000 0.00000 49.4909 -0.0297310 -0.139968 15.6612 456.795 17.3564
0.00000 0.00000 49.8211 0.102980 0.483980 -31.6491 377.902 23.1806
0.00000 0.00000 50.0452 -0.126589 -0.815127 148.131 263.963 74.8891
0.00000 0.00000 49.6946 0.144684 -0.177470 81.3591 247.351 -124.822
0.00000 0.00000 50.1218 -0.245094 -0.377977 -61.0544 209.290 -0.280979
0.00000 0.00000 49.6635 -0.469874 0.00843474 1.59526 261.913 -56.6830
0.00000 0.00000 50.0739 -0.841319 -0.0626285 -106.905 228.298 -54.3542
0.00000 0.00000 49.7731 -0.122211 0.401366 146.864 257.474 118.685
0.00000 0.00000 49.9391 0.530345 0.489598 -7.37805 288.333 50.2691
0.00000 0.00000 50.4732 -0.208594 -0.437779 -84.0573 372.285 50.0093
0.00000 0.00000 49.1379 -0.144960 0.257257 -38.4279 328.439 41.7919
0.00000 0.00000 48.1530 -0.355369 0.147922 37.6750 301.094 6.14380
0.00000 0.00000 48.5641 1.27513 -0.368794 -28.5532 326.200 4.58481
0.00000 0.00000 49.9746 -1.29562 -0.790606 72.0607 336.896 31.6253
0.00000 0.00000 48.9649 0.176218 -0.581476 60.5231 267.763 -74.1767
0.00000 0.00000 48.4061 0.490635 0.400938 -91.8251 298.217 42.7764
0.00000 0.00000 49.9919 0.809201 -0.527603 -92.9783 155.370 -126.092
0.00000 0.00000 50.0234 -0.526571 -0.237154 -214.074 338.836 -25.2617
0.00000 0.00000 50.2559 0.531234 -0.401421 -91.5932 441.275 17.7026
0.00000 0.00000 49.5945 -0.226390 0.256180 -40.6497 343.219 -60.4285
0.00000 0.00000 49.6254 0.172851 -0.114622 63.0224 227.975 50.1064
0.00000 0.00000 50.6039 0.0666919 -0.165444 44.8790 256.735 -77.8461
0.00000 0.00000 50.7282 0.996675 0.480054 -100.943 332.260 105.293
0.00000 0.00000 49.6667 -1.18153 0.0743838 -58.5212 393.991 -46.9244
0.00000 0.00000 49.2635 -0.417037 0.256063 -58.8529 304.147 -44.0891
0.00000 0.00000 50.2114 -0.255885 0.352112 -76.8868 273.901 31.2096
0.00000 0.00000 49.4855 0.602122 0.543384 -118.220 438.745 14.1173
0.00000 0.00000 49.8349 -0.806264 0.186789 38.2492 258.530 -68.5048
0.00000 0.00000 50.3054 0.482037 0.922802 -53.9317 250.966 -75.8264
0.00000 0.00000 49.0190 -0.127113 0.601910 -52.0950 322.740 20.9691
0.00000 0.00000 49.3595 -0.983989 -0.357267 0.189290 389.958 26.8184
0.00000 0.00000 49.9263 0.206233 -0.113744 -12.9103 240.649 -35.6460
0.00000 0.00000 49.1856 -1.48955 -0.0635755 24.5911 279.277 -72.7126
0.00000 0.00000 51.1810 0.502851 0.106612 118.092 307.370 -63.3288
0.00000 0.00000 49.8880 -0.517604 1.02043 10.4060 314.862 -16.1429
0.00000 0.00000 49.6975 0.127689 0.0692890 90.9709 408.793 -79.1324
0.00000 0.00000 49.9669 0.691929 0.241133 42.1947 271.679 42.0942
0.00000 0.00000 49.4546 -0.143727 -0.555740 -56.7810 332.773 -57.3750
0.00000 0.00000 49.5983 -0.910953 -2.77961 -85.4375 239.605 20.7847
0.00000 0.00000 50.2574 -0.374124 -2.22436 7.45518 321.610 -3.13659
0.00000 0.00000 49.5800 -0.00260532 -0.868493 89.0383 312.429 -6.80950
0.00000 0.00000 49.3600 0.198419 -0.842405 -96.4992 366.346 8.64461
0.00000 0.00000 50.0984 -1.26060 0.0661467 -77.5315 287.717 138.381
0.00000 0.00000 49.5925 -0.316427 0.382288 -25.1224 276.653 -57.5084
0.00000 0.00000 50.1665 -0.652211 0.0896632 0.0253666 279.856 39.0993
0.00000 0.00000 49.6688 -0.520938 -0.350409 51.6316 287.462 85.6652
0.00000 0.00000 52.4557 0.472196 0.0853953 -18.6299 254.430 -8.74303
0.00000 0.00000 50.4898 -0.950942 -0.0397457 -10.7228 256.744 94.6211
0.00000 0.00000 50.5146 0.892020 -0.0377506 -11.6371 285.135 58.2880
0.00000 0.00000 50.2046 -0.171938 0.901506 18.5303 382.694 -58.7205
0.00000 0.00000 50.1522 -1.53932 0.253490 130.502 304.973 -16.5995
0.00000 0.00000 49.8754 -0.619473 -0.0544589 0.527736 247.025 -83.2414
0.00000 0.00000 50.1843 0.0424344 -0.319944 76.4707 300.532 -2.40447
0.00000 0.00000 50.0382 0.580511 -0.266055 42.7952 432.920 67.0114
0.00000 0.00000 49.5398 -0.0391176 0.236060 -18.4441 364.833 103.855
0.00000 0.00000 49.4795 -0.259879 -0.378462 -91.3937 379.376 60.5638
0.00000 0.00000 49.7502 0.162553 -0.455353 31.7104 261.561 95.2032
0.00000 0.00000 50.3551 0.0399740 -0.0682705 76.7987 326.332 9.66939
0.00000 0.00000 51.0926 -0.206518 -0.0950756 44.5978 128.467 0.509323
0.00000 0.00000 49.4274 -0.0919612 -1.26401 -30.4766 336.985 55.0661
0.00000 0.00000 51.2748 1.05812 0.602136 -114.600 309.633 32.4165
0.00000 0.00000 52.8980 2.88843 0.404458 -50.5408 320.570 -4.47761
0.00000 0.00000 50.2215 -1.93678 -0.287825 11.1789 286.520 12.2139
0.00000 0.00000 49.1298 1.50746 -0.117348 -6.06817 341.241 -198.875
0.00000 0.00000 50.4936 0.470031 -0.742728 64.1101 343.202 -34.8520
0.00000 0.00000 50.2379 0.517097 -0.304760 104.677 224.420 59.8988
0.00000 0.00000 50.2060 -0.954359 0.746271 -67.6814 327.890 -97.5107
0.00000 0.00000 49.2899 0.648525 1.15977 -12.0044 369.114 -37.7034
0.00000 0.00000 49.2367 -0.816213 0.149062 7.40129 389.798 34.9233
0.00000 0.00000 49.3963 0.105846 0.472386 61.0294 137.349 -152.329
0.00000 0.00000 49.9586 -0.0252514 -0.118336 -77.1676 116.157 74.6533
0.00000 0.00000 50.3978 0.0876591 -0.0410974 4.17803 313.632 10.7937
0.00000 0.00000 49.9004 0.400745 1.36515 134.417 221.373 -45.0293
0.00000 0.00000 48.6952 -0.0385632 0.635256 66.2439 200.413 69.5751
0.00000 0.00000 50.7080 -0.988457 1.14059 29.3954 324.743 -58.4383
0.00000 0.00000 48.5589 0.326852 -0.855364 95.6740 227.332 86.7509
0.00000 0.00000 51.0755 0.162570 1.02114 102.683 300.117 -98.3988
0.00000 0.00000 51.0951 0.787189 -0.644173 52.3945 265.326 -100.211
0.00000 0.00000 50.7599 0.653737 0.116530 0.877443 156.663 15.7482
0.00000 0.00000 49.3838 -0.620040 0.163778 63.3709 254.426 -66.0852
0.00000 0.00000 49.5746 -0.152309 0.312556 -26.2584 250.251 57.9266
0.00000 0.00000 49.7609 0.218042 1.57572 148.489 401.019 75.8512
0.00000 0.00000 50.1770 -0.698270 0.408825 -86.3818 356.221 29.1715
0.00000 0.00000 50.2848 0.486571 -4.99011 -21.6216 297.616 19.5509
0.00000 0.00000 49.9477 -0.127741 -3.52860 -92.5905 234.384 72.7856
0.00000 0.00000 51.5019 -0.357591 -0.951261 60.4874 209.239 -29.3904
0.00000 0.00000 49.2279 0.0789123 0.849243 -25.9617 338.609 42.3844
0.00000 0.00000 50.5741 0.814388 -0.0567910 4.61112 317.783 22.9773
0.00000 0.00000 48.6692 -0.117528 1.44036 7.60328 171.760 -7.93735
0.00000 0.00000 49.7508 -0.553597 0.287198 29.7437 290.426 0.638753
0.00000 0.00000 50.6341 0.910356 -0.613558 13.1167 293.063 58.2379
0.00000 0.00000 50.5374 -1.98965 -1.10645 -90.9798 257.266 -85.8249
0.00000 0.00000 50.4250 0.449352 0.133158 104.651 257.000 -115.316
0.00000 0.00000 49.5701 0.714757 -0.528462 -116.478 243.114 -49.0114
0.00000 0.00000 49.5912 3.01945 -0.291323 54.6021 376.850 87.0070
0.00000 0.00000 48.5205 0.661986 0.0932626 -45.6852 334.193 111.913
0.00000 0.00000 50.6162 0.876274 0.389881 3.18287 317.049 40.6398
0.00000 0.00000 50.9541 0.468966 -0.240022 -71.6714 295.779 -39.8673
0.00000 0.00000 49.8870 -0.749079 -0.725996 -115.408 429.141 -84.8129
0.00000 0.00000 49.2687 0.184615 1.31203 -7.42789 208.750 -17.0660
0.00000 0.00000 49.4598 -0.342389 1.00853 132.602 235.858 22.8151
0.00000 0.00000 50.0422 0.00914501 0.328787 8.04292 346.961 -8.46402
0.00000 0.00000 49.1630 0.507071 -3.10840 -32.2379 281.414 -10.9768
0.00000 0.00000 49.2334 0.386199 1.33806 -67.7258 280.111 -15.7787
0.00000 0.00000 50.6639 -0.643519 -0.300617 -51.0044 247.287 -22.3373
0.00000 0.00000 49.2461 -0.510456 -0.626611 -93.1440 236.702 -42.8847
0.00000 0.00000 49.9511 -0.0810901 0.181338 -114.160 413.001 50.2952
0.00000 0.00000 49.7377 0.182157 0.124696 36.1416 227.559 23.2984
0.00000 0.00000 50.1349 0.286685 -0.692734 64.0320 171.506 -49.4065
0.00000 0.00000 49.7768 -1.10204 -0.334895 56.8979 281.210 -69.7547
0.00000 0.00000 50.6339 0.420234 0.103234 -68.9828 352.357 66.0124
0.00000 0.00000 49.6370 0.650574 0.393383 -63.4710 180.212 28.0538
0.00000 0.00000 49.0710 0.143921 -0.127829 -74.9065 385.240 120.728
0.00000 0.00000 50.7188 0.233053 -0.652658 0.160670 375.888 -87.7356
0.00000 0.00000 50.0858 -0.358292 -0.692466 12.4078 425.556 25.2640
0.00000 0.00000 49.8759 0.325478 1.05281 39.7024 276.159 17.2883
0.00000 0.00000 49.7974 -0.265326 0.191335 171.246 227.737 -121.874
0.00000 0.00000 49.9141 -0.168706 -0.340171 -115.790 236.668 2.75677
0.00000 0.00000 49.6328 -0.570624 -0.356237 -172.717 197.927 -70.3735
0.00000 0.00000 49.6447 0.333156 -1.66470 85.7103 397.689 -29.9573
0.00000 0.00000 50.2073 0.0278233 -1.05619 85.8331 304.824 62.5031
0.00000 0.00000 50.2104 -0.615400 0.976061 45.6866 285.487 -0.943072
0.00000 0.00000 49.4717 -0.693308 -0.00498789 31.0016 418.363 -29.4749
0.00000 0.00000 48.9485 -0.208595 -0.105124 47.2613 287.703 -5.15188
0.00000 0.00000 49.4693 0.251790 0.0268937 75.2442 470.722 222.146
0.00000 0.00000 49.8585 0.0394836 -0.787905 -14.4847 224.407 -104.990
0.00000 0.00000 50.4428 0.135735 0.354857 152.183 346.249 98.2288
0.00000 0.00000 49.2105 0.0196492 -0.106835 116.083 241.605 -93.2498
0.00000 0.00000 50.1260 0.00812420 0.206453 43.0355 361.277 -38.0797
0.00000 0.00000 50.1537 0.246868 -0.279721 13.6435 185.818 92.9191
0.00000 0.00000 50.0941 0.170482 -0.142942 -51.7981 206.006 19.2592
0.00000 0.00000 49.4186 0.180655 0.419151 57.9840 254.857 105.050
0.00000 0.00000 50.9936 0.217430 -0.139071 -44.8126 246.325 56.5117
0.00000 0.00000 48.8919 0.137606 -0.152782 29.4443 308.744 -125.177
0.00000 0.00000 51.3497 -0.388201 0.739314 78.7921 216.354 96.9334
0.00000 0.00000 49.8209 -0.0639800 -0.419566 21.0903 267.282 -98.5572
0.00000 0.00000 50.2808 -0.280775 0.0298195 -94.9801 299.775 2.32796
0.00000 0.00000 50.5006 -0.403064 0.196501 -4.97551 349.247 7.36472
0.00000 0.00000 49.0744 1.34653 -0.0759107 -30.2399 266.279 -11.8453
0.00000 0.00000 50.0776 0.386454 0.322264 -65.9355 297.612 -60.4381
0.00000 0.00000 50.5494 1.78066 -0.0660995 -85.6573 260.300 85.2257
0.00000 0.00000 49.8554 0.319422 -0.426084 129.679 237.334 56.9011
0.00000 0.00000 46.5230 -0.134085 -1.32299 -30.6834 254.919 46.3468
0.00000 0.00000 49.6183 1.06021 -0.0413736 3.15981 345.687 -64.9671
0.00000 0.00000 49.0769 -0.947937 0.253421 -21.5281 234.870 -60.3350
0.00000 0.00000 49.8021 0.602280 -0.138741 -66.3162 254.370 65.1910
0.00000 0.00000 51.4054 -0.165446 -0.674550 -72.7507 281.740 118.680
0.00000 0.00000 50.3147 4.33233 -0.383569 -3.34183 264.737 6.60628
0.00000 0.00000 50.2235 -4.58573 0.586350 -4.92836 288.763 -28.8360
0.00000 0.00000 49.4017 -5.09666 0.808791 25.9269 326.080 -7.25545
0.00000 0.00000 49.2609 -0.145286 0.676259 -109.341 270.999 -117.524
0.00000 0.00000 49.3595 0.833277 -0.436615 103.202 396.983 113.365
0.00000 0.00000 51.0509 0.142309 -0.643150 63.8064 283.357 99.1480
0.00000 0.00000 51.0174 1.91193 -0.841599 -94.6376 367.027 5.39956
0.00000 0.00000 49.6525 -0.0438313 0.333556 -58.4557 345.954 -90.8120
0.00000 0.00000 49.4736 -1.47739 1.65665 -62.6442 302.784 -17.4035
0.00000 0.00000 49.7744 -0.241395 -1.34731 -109.453 248.648 -30.4452
0.00000 0.00000 50.1660 0.204464 -0.480148 -115.982 275.775 47.6040
0.00000 0.00000 50.2252 -0.390854 0.170021 52.3902 359.386 -124.057
0.00000 0.00000 50.6221 0.157370 0.407793 29.8212 366.155 17.6291
0.00000 0.00000 49.4885 -0.553899 -0.258144 -25.2202 271.162 73.1406
0.00000 0.00000 50.8157 -0.116025 0.582650 63.5865 190.386 -13.6463
0.00000 0.00000 50.5172 0.0680373 0.314635 9.79173 477.560 79.8863
0.00000 0.00000 50.0916 0.0318475 -0.799960 -17.0427 356.213 -57.3239
0.00000 0.00000 50.2838 -0.113106 2.28790 -129.296 304.185 91.1369
0.00000 0.00000 51.1722 -0.497172 0.487090 59.7352 243.803 7.97795
0.00000 0.00000 49.8816 0.951767 -0.227203 -86.6654 262.709 87.9931
0.00000 0.00000 49.8195 -0.363509 -0.451628 128.190 231.036 32.1763
0.00000 0.00000 49.5797 1.05593 -1.63601 -34.7871 360.037 13.8317
0.00000 0.00000 48.6940 -0.0669579 1.54366 13.8282 364.765 -2.84644
0.00000 0.00000 51.2686 -0.0936749 -0.469061 36.1402 332.438 -60.5247
0.00000 0.00000 50.2309 -0.195384 -0.00534182 45.3710 305.524 70.7086
0.00000 0.00000 49.9470 -4.50275 -0.219730 -47.9603 295.285 -76.6699
0.00000 0.00000 51.2435 3.69347 1.25672 54.1047 295.736 19.1489
0.00000 0.00000 50.0790 -0.260392 -0.0235677 -70.9302 255.039 -30.9345
0.00000 0.00000 50.3022 0.324581 0.741383 63.7463 300.854 -54.8511
0.00000 0.00000 49.6684 0.471028 -0.935701 -22.9129 233.809 25.2705
0.00000 0.00000 48.4125 -0.0728834 -0.774497 32.3783 311.078 -83.0941
0.00000 0.00000 50.7263 0.601879 1.27699 15.6550 350.205 56.2216
0.00000 0.00000 49.8536 -0.776125 -0.124564 -71.6466 296.341 105.720
0.00000 0.00000 50.2430 0.0165598 0.123358 -28.5878 352.566 83.9337
0.00000 0.00000 49.5024 -0.502306 0.223828 -33.2453 413.339 21.2807
0.00000 0.00000 49.4895 -0.328725 0.759121 50.6697 257.055 20.4707
0.00000 0.00000 48.7959 -0.430711 -1.37689 -104.607 356.628 66.3503
0.00000 0.00000 46.7224 -1.08189 0.593125 -5.73959 305.254 -88.3198
0.00000 0.00000 51.0130 -0.178056 0.0159570 33.5956 356.972 -35.5738
0.00000 0.00000 50.1281 -0.291214 0.781809 -63.9875 320.797 -31.6165
0.00000 0.00000 49.7956 0.242550 0.252450 34.7204 144.741 19.7054
0.00000 0.00000 49.7298 -0.211384 0.693537 -85.5154 312.280 -89.8382
0.00000 0.00000 49.8772 -0.418306 0.239402 -26.4888 340.385 10.2212
0.00000 0.00000 50.1272 -0.0151741 -0.422300 -51.9907 222.761 -56.3581
0.00000 0.00000 49.9481 -0.471785 -0.0296941 6.20606 226.952 -71.9048
0.00000 0.00000 51.3265 -0.238275 0.558053 -50.6524 308.415 -22.1869
0.00000 0.00000 50.5159 -0.174040 0.366002 -120.460 312.163 -54.9040
0.00000 0.00000 50.0456 -0.104469 -0.155841 58.2837 361.170 224.696
0.00000 0.00000 50.0771 0.615038 0.132031 -127.931 294.232 1.57487
0.00000 0.00000 48.4385 0.190979 0.0118839 16.0652 414.478 68.8102
0.00000 0.00000 48.9024 -0.217242 0.618536 -4.96630 219.756 -44.8294
0.00000 0.00000 49.2716 0.527892 4.89351 42.7200 303.917 -11.3733
0.00000 0.00000 50.1530 0.512551 4.86918 164.207 332.379 -31.7653
0.00000 0.00000 49.6664 0.694227 -0.736902 58.4128 233.093 72.8614
0.00000 0.00000 50.1323 0.0141873 0.849147 64.4564 328.770 -13.6400
0.00000 0.00000 51.8810 0.0156331 0.552542 27.0332 321.146 -45.4220
0.00000 0.00000 50.9792 -0.215493 -0.0129695 36.2702 251.934 73.4131
0.00000 0.00000 51.5994 0.174855 -0.527294 1.10297 421.436 -95.1017
0.00000 0.00000 50.3319 -0.0149643 -0.876349 61.1378 238.252 -14.1278
0.00000 0.00000 50.3337 -0.108073 1.30330 -33.2397 266.731 29.5215
0.00000 0.00000 50.0306 0.250739 0.766339 97.5842 308.975 8.90519
0.00000 0.00000 50.0083 0.303363 -0.622336 3.68487 367.893 82.0292
0.00000 0.00000 49.4016 0.168271 0.732199 -109.768 254.100 -16.6390
0.00000 0.00000 50.6614 -0.531365 -0.213720 -42.6748 275.366 6.92669
0.00000 0.00000 52.1188 1.32792 0.614372 61.3769 308.351 87.6495
0.00000 0.00000 51.4450 1.11543 -0.317666 -21.9367 360.639 -58.1899
0.00000 0.00000 46.7489 0.00351815 0.909319 -16.1209 228.583 34.9676
0.00000 0.00000 51.5146 0.505135 -0.178702 -17.6908 408.943 -25.2933
0.00000 0.00000 50.4039 -0.0817393 0.596877 -30.0266 289.731 78.1803
0.00000 0.00000 48.1536 0.401396 -1.95108 70.0910 284.286 41.2323
0.00000 0.00000 50.2595 0.678310 0.0353570 -44.0636 391.085 23.1641
0.00000 0.00000 50.5225 0.406656 0.244208 -49.7464 309.654 -34.0904
0.00000 0.00000 50.3982 1.33798 0.125151 12.1523 354.842 -21.7866
0.00000 0.00000 50.4347 0.902487 0.341042 30.0792 340.306 -57.7217
0.00000 0.00000 50.6518 -0.648701 1.50454 -13.6553 296.456 12.9192
0.00000 0.00000 50.6941 0.204309 -1.01180 -74.2141 458.071 -21.2471
0.00000 0.00000 51.6349 -0.0857151 6.52295 68.0726 258.469 39.7492
0.00000 0.00000 51.3583 -0.0598707 -0.838688 -26.0526 192.601 28.7463
0.00000 0.00000 50.8431 0.360551 -1.28207 -31.7724 303.505 -120.236
0.00000 0.00000 50.5523 0.0140432 0.274869 1.49699 305.464 5.67335
0.00000 0.00000 49.9252 -0.301426 0.480678 7.74296 211.704 -76.9920
0.00000 0.00000 49.9145 -0.178524 -0.157999 57.9116 289.397 -14.3321
0.00000 0.00000 49.8842 0.183865 0.478283 -15.7470 370.904 29.9167
0.00000 0.00000 49.4055 0.345259 -0.797765 -28.3953 158.944 -57.3390
0.00000 0.00000 49.2894 0.509401 1.81524 -44.6908 356.565 75.0601
0.00000 0.00000 51.7508 1.86025 0.361583 -9.51237 297.747 -14.3263
0.00000 0.00000 50.6702 0.614340 -0.479959 -12.8736 342.826 -122.422
0.00000 0.00000 48.6135 0.426193 0.0752842 -76.8943 179.754 27.6689
0.00000 0.00000 49.6876 0.0925741 0.764143 19.3297 324.940 -6.38386
0.00000 0.00000 50.6480 0.353059 -0.716029 -200.720 331.567 -103.189
0.00000 0.00000 50.2585 0.106623 -0.756458 -63.2745 313.324 -125.898
0.00000 0.00000 50.1456 0.168774 0.624787 46.5472 398.331 -3.83053
0.00000 0.00000 49.2797 -0.182242 1.51905 32.9586 304.078 -12.2314
0.00000 0.00000 50.0631 0.264661 -0.942872 -11.3976 139.157 28.8203
0.00000 0.00000 49.3070 -0.176618 0.962255 -51.2834 370.300 -74.9777
0.00000 0.00000 50.8018 0.251655 0.237399 -90.7663 357.735 128.900
0.00000 0.00000 50.4259 -0.0491551 0.0191282 -74.2792 177.998 -36.6232
0.00000 0.00000 50.4555 0.165921 0.141198 4.40818 353.823 -151.480
0.00000 0.00000 50.7460 -0.0604917 -0.931820 -30.1918 379.187 42.4568
0.00000 0.00000 49.4529 -0.107655 -0.0364459 31.1621 271.203 -52.6730
0.00000 0.00000 49.7534 0.211279 -1.14000 -85.0856 329.294 22.4725
0.00000 0.00000 50.2059 1.02444 0.991113 -27.8305 321.062 9.36293
0.00000 0.00000 50.0440 0.449414 0.434582 -151.601 385.522 86.2800
0.00000 0.00000 50.3778 0.0858447 -1.34895 30.7249 213.461 -53.8882
0.00000 0.00000 50.3971 -0.273036 0.113220 96.8559 299.611 -72.3076
0.00000 0.00000 51.9304 -0.463537 0.573868 39.4210 271.676 -150.430
0.00000 0.00000 49.6526 0.752567 -0.689828 15.1815 367.806 -96.2480
0.00000 0.00000 50.1339 -0.444838 0.444531 42.9472 287.099 16.8757
0.00000 0.00000 50.0483 -1.99518 -0.0607870 -18.7783 341.334 -113.760
0.00000 0.00000 49.4074 -1.74288 0.892055 64.7966 372.426 3.13851
0.00000 0.00000 49.5759 1.01739 -0.591693 -13.6459 335.318 -71.2423
0.00000 0.00000 49.9904 -0.0726037 0.236541 -73.8480 390.986 -9.24191
0.00000 0.00000 49.4494 0.347064 -0.0407216 57.7773 271.551 126.358
0.00000 0.00000 49.4483 0.495903 0.0108794 58.5019 294.191 -166.838
0.00000 0.00000 49.8310 0.709158 0.166891 21.9851 246.198 6.55627
0.00000 0.00000 49.7656 -0.975190 -0.460755 -42.9713 279.860 -70.8383
0.00000 0.00000 49.4395 -0.889149 -0.488086 102.567 288.887 -50.8955
0.00000 0.00000 50.2194 -0.346390 -0.569490 52.2120 394.260 85.7734
0.00000 0.00000 50.2561 -0.141007 -0.455029 56.0192 213.601 -1.93062
0.00000 0.00000 49.5123 -0.958815 0.0242295 49.5906 299.358 147.554
0.00000 0.00000 49.7608 -0.227479 0.0199443 12.9892 288.231 -77.4045
0.00000 0.00000 49.4485 1.15048 0.0615444 80.7138 238.837 64.1548
0.00000 0.00000 49.9376 -0.428533 0.568875 -121.546 285.359 176.198
0.00000 0.00000 50.2092 0.168408 -0.766625 87.2364 227.451 -7.10461
0.00000 0.00000 48.6901 0.746429 -0.362134 69.7469 218.689 23.2365
0.00000 0.00000 51.4855 -0.850203 -0.427622 13.1223 252.493 65.1100
0.00000 0.00000 50.8920 0.342256 0.991615 12.8441 265.352 47.3051
0.00000 0.00000 50.3403 0.0117349 -0.0153266 -52.6225 343.695 27.6965
0.00000 0.00000 49.6437 -0.444342 -0.730169 74.4003 359.262 -22.0260
0.00000 0.00000 49.7545 -0.453470 0.201156 9.98959 357.328 83.7722
0.00000 0.00000 49.9520 0.208032 -0.123752 -24.3745 277.275 -11.2668
0.00000 0.00000 51.1941 0.363177 0.307015 -2.23514 420.073 33.4925
0.00000 0.00000 49.1847 -0.220652 -0.313298 -102.963 336.540 -69.3398
0.00000 0.00000 50.3244 -0.357366 0.0523713 5.11540 363.212 34.6277
0.00000 0.00000 49.8730 -0.169642 0.358472 3.46511 426.968 -15.6796
0.00000 0.00000 49.8274 0.335075 3.37651 30.9937 350.621 72.2667
0.00000 0.00000 50.9782 -0.209509 -2.88695 -44.1542 368.284 22.6863
0.00000 0.00000 50.1076 -0.321854 0.911778 18.9449 292.490 93.8151
0.00000 0.00000 53.7136 2.82532 -0.0814773 46.9143 249.211 -25.8659
0.00000 0.00000 49.0550 -0.597413 1.03988 -46.5555 247.585 17.4644
0.00000 0.00000 47.4229 -0.361548 -1.62930 40.7861 207.330 24.9834
0.00000 0.00000 49.4045 -0.427954 0.201491 -35.4472 206.755 -0.607779
0.00000 0.00000 50.2217 -0.0271898 2.21301 55.5932 460.440 -16.6701
0.00000 0.00000 50.1253 -0.0866865 1.23669 -141.397 240.007 -32.0521
0.00000 0.00000 50.2477 -0.287001 -1.45646 -113.378 270.416 -13.3932
0.00000 0.00000 52.7331 -0.254434 -0.968985 -23.2586 159.309 13.2902
0.00000 0.00000 50.6516 -0.653909 -0.173825 43.2617 294.062 -7.20321
0.00000 0.00000 50.7428 0.538966 -0.427755 -12.7087 272.476 -21.3964
0.00000 0.00000 52.6435 0.371813 -0.193500 -56.3693 219.196 -25.5266
0.00000 0.00000 48.2450 -0.266873 -0.806139 -3.95958 258.968 40.4947
0.00000 0.00000 49.8960 -0.218057 0.534366 -57.1235 233.325 -32.7208
0.00000 0.00000 49.7946 0.551357 -1.56603 -61.9621 233.633 7.10420
0.00000 0.00000 49.7671 -0.236314 -0.315238 -57.1684 319.435 -21.4725
0.00000 0.00000 50.0695 0.368125 -0.324877 123.179 210.443 -68.5560
0.00000 0.00000 50.3633 0.758134 0.117873 59.7465 201.069 26.2769
0.00000 0.00000 49.4128 -0.0108273 -1.19571 -37.8634 264.793 -14.8992
0.00000 0.00000 49.6607 0.212941 -0.666416 11.2419 298.815 -107.164
0.00000 0.00000 50.4816 0.00895697 -0.543124 -16.9441 373.661 -123.727
0.00000 0.00000 48.9435 0.396410 -0.153043 -42.1530 181.828 101.815
0.00000 0.00000 50.0754 -2.85492 0.307553 -91.8153 281.017 15.9497
0.00000 0.00000 49.6769 -3.34041 0.0881328 4.88228 279.859 53.4841
0.00000 0.00000 49.7099 1.25482 0.00847475 44.5430 277.771 -124.111
0.00000 0.00000 50.5254 0.421054 0.0542558 36.3893 287.437 -10.3499
0.00000 0.00000 51.0888 0.249218 -0.00299657 70.6442 242.261 -133.630
0.00000 0.00000 49.7974 -0.423164 0.643796 -1.87898 301.512 -22.6153
0.00000 0.00000 50.0768 -0.0732332 0.524883 -8.52124 303.436 50.3944
0.00000 0.00000 49.6189 1.18194 -1.27148 -100.679 279.709 47.7039
0.00000 0.00000 49.6909 0.401619 -0.219386 94.7596 181.665 30.5680
0.00000 0.00000 51.0947 -1.20343 -0.939209 -37.7652 317.560 15.4045
0.00000 0.00000 50.1635 -0.00465955 -0.443690 57.0009 258.028 -106.287
0.00000 0.00000 49.9295 -0.286022 0.336240 56.3755 251.064 -94.8661
0.00000 0.00000 50.0757 0.953506 -0.142628 -58.3871 260.476 -51.6228
0.00000 0.00000 50.3975 1.49986 -0.286382 -98.9196 322.676 -21.7574
0.00000 0.00000 49.7360 -0.423348 -1.07521 -14.5281 266.700 -7.73573
0.00000 0.00000 50.6107 0.463481 -0.498824 -53.8370 334.630 47.0306
0.00000 0.00000 50.7179 -1.44608 1.85721 39.3161 254.943 -6.40725
0.00000 0.00000 49.2120 -0.843459 -0.100518 47.6281 368.366 75.2507
0.00000 0.00000 50.6279 -0.0721437 0.208930 65.2214 382.207 -52.0638
0.00000 0.00000 50.3091 0.373980 0.192125 74.6284 372.073 -44.4336
0.00000 0.00000 47.3811 0.523168 -0.470219 18.6371 326.400 -1.52838
0.00000 0.00000 50.3671 -0.248405 -1.14841 60.5171 251.146 -61.1872
0.00000 0.00000 49.8205 -0.494503 -1.85561 62.0971 352.451 81.2570
0.00000 0.00000 50.3928 0.360119 0.478675 -2.22682 297.023 4.22811
0.00000 0.00000 49.6431 0.0499671 0.612626 61.0229 378.236 -23.3441
0.00000 0.00000 49.6711 -0.125501 0.624174 -26.9697 382.723 -75.0918
0.00000 0.00000 50.0841 0.356568 1.53781 -97.8674 318.925 -14.9892
0.00000 0.00000 49.7160 -0.677535 1.46412 -69.9684 250.879 63.0525
0.00000 0.00000 50.0413 1.28046 1.95793 74.4955 266.812 59.6450
0.00000 0.00000 50.8779 0.743095 0.716062 -71.8246 280.744 2.00225
0.00000 0.00000 50.5101 -0.0305949 0.114023 63.3596 200.818 55.9674
0.00000 0.00000 49.7855 0.191319 -0.402694 -12.0167 202.116 -33.8261
0.00000 0.00000 49.8443 -0.720529 1.12274 10.1345 449.206 13.9810
0.00000 0.00000 49.6225 -0.0708463 -0.152584 -4.87410 306.463 92.9314
0.00000 0.00000 50.0878 0.00366199 0.0321650 25.7707 385.841 77.4849
0.00000 0.00000 50.1771 -0.128650 0.129394 19.7619 435.940 75.7885
0.00000 0.00000 50.0231 0.0684552 0.211770 -145.104 231.950 121.146
0.00000 0.00000 50.0799 -0.983511 -0.377226 -3.10609 254.451 -99.2355
0.00000 0.00000 50.5840 0.464245 -0.0610768 -78.2228 175.854 85.7912
0.00000 0.00000 50.4885 -0.416261 -0.403656 -126.074 168.322 -102.826
0.00000 0.00000 49.4365 0.0944979 0.0668943 30.3703 259.173 42.6896
0.00000 0.00000 50.5790 0.238794 -0.373956 159.770 238.616 21.8730
0.00000 0.00000 50.1806 -0.337408 -0.578520 -71.0764 405.868 34.0515
0.00000 0.00000 52.5222 0.944981 0.460290 12.8355 228.477 -88.4823
0.00000 0.00000 54.4635 -0.285974 0.381286 38.1556 372.287 -14.5051
0.00000 0.00000 50.8488 -0.0597094 -1.42909 36.2124 239.845 -6.96777
0.00000 0.00000 49.8898 0.111215 0.307211 17.2300 277.941 59.9003
0.00000 0.00000 50.1281 -0.151714 -0.117940 7.20609 340.470 68.5868
0.00000 0.00000 50.1786 1.32710 -0.226478 163.302 310.823 -120.095
0.00000 0.00000 49.7397 -1.70887 0.114874 -48.5963 260.115 45.0379
0.00000 0.00000 49.5640 -0.262139 -3.80018 -25.2184 223.546 -11.4785
0.00000 0.00000 50.2658 -0.477261 -13.7433 -88.4254 201.450 5.29700
0.00000 0.00000 49.4760 -1.40955 -0.0304649 152.257 271.867 7.51894
0.00000 0.00000 50.2530 1.25599 0.638734 -22.9867 375.966 -88.3220
0.00000 0.00000 50.4962 1.04977 0.930595 48.9737 374.097 -45.4872
0.00000 0.00000 50.7472 -0.979962 -0.643219 -51.6699 316.016 3.63209
0.00000 0.00000 49.5151 -0.280163 -0.0886653 76.6524 321.925 5.79453
0.00000 0.00000 50.0342 -1.02011 0.0448214 -13.0957 227.488 -37.1653
0.00000 0.00000 49.0959 -0.483987 0.164270 46.5726 204.564 -83.6166
0.00000 0.00000 50.2390 -0.0207739 -0.310974 28.7630 350.772 4.67738
0.00000 0.00000 49.3050 -0.148601 -0.230542 -16.5096 402.499 13.7573
0.00000 0.00000 49.9008 -0.339636 -0.0753167 53.3369 165.031 -67.3412
0.00000 0.00000 49.7175 0.630971 0.350956 26.3984 228.303 -25.4501
0.00000 0.00000 50.6350 -0.143877 0.766411 -55.1241 271.156 106.549
0.00000 0.00000 49.9647 -0.295623 -0.852143 188.539 423.000 -78.0140
0.00000 0.00000 49.7028 0.186295 0.315544 -5.00690 280.843 102.003
0.00000 0.00000 49.9650 0.133630 -1.14735 -3.52078 324.601 21.5834
0.00000 0.00000 50.0960 0.966007 -0.565847 -3.69011 270.919 -50.8998
0.00000 0.00000 50.1593 0.0268207 -0.709177 63.7027 447.696 66.4603
0.00000 0.00000 50.3342 -1.10074 0.810907 -0.865761 326.225 -68.9069
0.00000 0.00000 49.5658 -0.139297 1.28203 -162.002 284.008 33.0483
0.00000 0.00000 49.5328 -0.154101 0.453506 -31.0423 291.449 14.5327
0.00000 0.00000 50.1261 -0.741968 0.329289 85.7239 295.182 -131.417
0.00000 0.00000 50.5093 0.193172 0.0921627 7.37597 223.559 -41.8686
0.00000 0.00000 47.9952 0.355104 -0.209032 81.7475 274.430 -39.2141
0.00000 0.00000 50.7079 -0.649852 0.000892103 0.165928 245.819 9.19415
0.00000 0.00000 49.3373 0.954125 -0.166113 -26.7825 254.464 32.4717
0.00000 0.00000 49.2908 0.492031 -0.279556 -15.9281 264.277 47.0624
0.00000 0.00000 49.5910 -0.117162 1.59612 -63.0044 254.920 6.76580
0.00000 0.00000 50.1294 0.0809951 -0.673658 25.6023 160.302 -13.3852
0.00000 0.00000 49.8333 -1.55282 -1.05209 58.4886 300.686 -103.881
0.00000 0.00000 49.7432 -0.338166 0.575878 41.4301 408.576 -74.2784
0.00000 0.00000 50.4329 0.307092 -0.341010 -172.501 276.876 51.9781
0.00000 0.00000 50.0589 -0.278273 -0.723895 12.7613 340.139 -8.01162
0.00000 0.00000 50.2454 0.207291 0.0735663 43.6678 255.561 64.0989
0.00000 0.00000 50.4233 -0.617225 0.0902283 66.5771 307.157 135.846
0.00000 0.00000 51.1519 -0.182232 -0.896973 85.6946 156.751 -42.4516
0.00000 0.00000 49.4645 -1.03526 0.517543 2.93120 386.172 25.7123
0.00000 0.00000 49.9328 -0.106035 -0.158845 103.151 333.225 42.3786
0.00000 0.00000 49.9104 -0.318852 1.54127 44.6103 378.847 -65.5587
0.00000 0.00000 49.6227 0.522438 0.382058 -50.0146 203.882 -10.6442
0.00000 0.00000 49.4661 -1.37509 0.119732 167.599 255.307 25.6934
0.00000 0.00000 50.1469 0.338273 -0.860989 -59.5995 260.858 -64.8309
0.00000 0.00000 50.0563 -0.0136583 -0.174710 -44.6689 318.926 128.100
0.00000 0.00000 50.6277 0.360493 0.336910 36.4925 196.402 -31.6751
0.00000 0.00000 49.6262 -0.259870 7.80503 15.2211 384.497 -18.0542
0.00000 0.00000 51.0066 -0.277977 6.59000 21.0945 213.766 -1.25085
0.00000 0.00000 51.4029 0.415706 3.16400 97.8418 244.809 -8.05060
0.00000 0.00000 50.1479 0.467880 -0.266432 -59.4109 245.792 -44.3608
0.00000 0.00000 49.8960 0.553056 0.665318 43.0746 343.011 2.95531
0.00000 0.00000 49.2801 0.580509 0.377211 -72.1644 304.046 75.4172
0.00000 0.00000 50.5330 -0.797595 1.90811 95.8258 260.086 -24.8778
0.00000 0.00000 49.2793 -0.219369 -0.269539 29.9603 343.223 -44.6313
0.00000 0.00000 49.9805 0.0561974 -0.211248 -49.7435 214.453 -17.3849
0.00000 0.00000 50.1740 0.637459 0.695355 -29.9962 379.905 86.9852
0.00000 0.00000 49.8106 0.543084 0.314833 -178.965 334.519 15.1999
0.00000 0.00000 49.4200 0.446071 -0.411151 35.1350 220.406 -22.5514
0.00000 0.00000 50.3784 -0.0277466 -0.501137 -47.4826 221.963 130.798
0.00000 0.00000 50.0658 0.115963 0.0251710 32.6441 264.068 33.5005
0.00000 0.00000 50.3031 0.366996 -0.920789 33.9134 207.510 -87.4761
0.00000 0.00000 50.1222 0.181596 -1.16491 -93.3126 335.330 -54.5442
0.00000 0.00000 49.3206 0.00904469 -2.61738 38.1524 336.581 -67.2720
0.00000 0.00000 50.0802 -0.250498 1.35630 4.54093 229.621 -7.26204
0.00000 0.00000 49.5379 0.0204200 4.23892 -5.44757 271.506 -5.38489
0.00000 0.00000 50.1319 -1.94694 -1.14036 -148.143 249.951 -38.7657
0.00000 0.00000 49.8500 -0.180986 -2.69964 -102.094 308.766 -22.7706
0.00000 0.00000 49.6117 1.01534 -0.208784 173.784 310.723 -2.85331
0.00000 0.00000 50.1404 0.652436 -0.578229 -47.8528 349.106 151.544
0.00000 0.00000 49.1021 -0.879735 0.0419503 -117.438 226.998 101.977
0.00000 0.00000 49.8027 -0.499655 0.210315 3.99965 432.815 -157.215
0.00000 0.00000 50.1102 -0.144024 -0.0851609 6.34162 278.958 -45.5764
0.00000 0.00000 49.4968 -0.300841 0.207296 33.8603 296.641 88.8861
0.00000 0.00000 49.7474 0.408163 1.20396 33.5276 284.838 -8.69124
0.00000 0.00000 49.9364 0.392465 -0.442593 -87.9116 218.970 -28.0153
0.00000 0.00000 50.0980 0.152630 -0.309497 -81.5724 251.310 -50.6754
0.00000 0.00000 50.5290 -0.481039 1.40366 -5.03582 288.847 2.43774
0.00000 0.00000 50.8322 -0.0617362 -0.965958 -46.5734 242.621 54.1499
0.00000 0.00000 50.2883 0.277667 3.41284 61.0796 368.948 6.96445
0.00000 0.00000 49.7177 0.0199573 0.566711 -19.3401 227.762 -32.0582
0.00000 0.00000 51.4141 -0.261811 -0.146396 55.3323 247.998 -75.2511
0.00000 0.00000 50.0364 0.796669 0.692771 108.310 280.532 19.4501
0.00000 0.00000 49.7374 0.0860081 0.0556277 -19.0745 283.751 35.2276
0.00000 0.00000 49.7401 -0.893239 -0.871120 106.325 368.958 61.4555
0.00000 0.00000 49.5547 0.743749 -0.132498 17.6391 269.460 -69.2701
0.00000 0.00000 49.4084 -0.208308 -0.311806 -33.8978 226.945 109.965
0.00000 0.00000 45.6203 -0.658653 -0.323978 -20.0859 362.917 34.6919
0.00000 0.00000 49.1522 -0.198878 -0.272920 -17.0181 245.070 11.0213
0.00000 0.00000 49.6685 -1.07515 0.670434 12.9743 266.162 -32.1010
0.00000 0.00000 47.7235 -0.853009 -0.930235 92.7533 312.983 -41.1897
0.00000 0.00000 50.1784 -0.193891 1.48741 -42.0213 266.869 -91.8023
0.00000 0.00000 50.2396 0.219379 1.32438 -5.65289 344.012 -4.37449
0.00000 0.00000 49.8631 -0.667641 0.334397 43.8430 358.922 7.68649
0.00000 0.00000 50.3738 -0.538662 0.258802 76.3076 324.494 51.5725
0.00000 0.00000 49.3028 0.730447 5.36151 24.2520 414.424 5.61288
0.00000 0.00000 50.5409 0.195236 2.29226 -105.702 326.827 35.0038
0.00000 0.00000 49.9622 0.550250 0.911282 -79.4802 208.777 17.4393
0.00000 0.00000 49.9982 -0.395174 0.941348 -121.216 287.355 -12.5792
0.00000 0.00000 49.5189 0.178207 1.10720 -12.7731 261.631 -133.105
0.00000 0.00000 52.2713 0.107385 0.681157 -74.2027 303.206 59.8589
0.00000 0.00000 50.5609 0.0175425 -0.184162 -25.7806 507.190 -90.7354
0.00000 0.00000 50.4284 0.777177 0.171332 42.6402 213.092 68.1453
0.00000 0.00000 49.9530 1.20966 -0.224472 16.1799 289.612 138.596
0.00000 0.00000 50.7342 -0.424442 -0.474892 37.6739 313.412 -59.1425
0.00000 0.00000 50.2387 -0.553146 -0.162267 -50.8121 392.420 129.067
0.00000 0.00000 49.8893 0.338700 0.173126 -13.6954 413.374 -41.9722
0.00000 0.00000 50.6147 0.418917 -0.368683 -28.0352 226.168 0.325593
0.00000 0.00000 50.8925 -0.459657 0.592122 -97.7065 322.965 -1.93903
0.00000 0.00000 50.4074 -0.778106 -0.239044 -47.8141 401.285 102.374
0.00000 0.00000 51.4833 -0.169486 -0.422917 91.0696 362.332 -88.8558
0.00000 0.00000 50.1977 -0.166246 0.398392 -9.34317 322.837 95.5391
0.00000 0.00000 49.9757 0.0597059 0.537384 -17.1268 281.640 45.2942
0.00000 0.00000 51.1624 -0.396032 0.748934 -1.62950 356.667 -33.8053
0.00000 0.00000 50.3416 0.492516 0.415928 -46.8043 330.124 -8.04902
0.00000 0.00000 50.3234 0.232713 3.01208 -58.2962 307.953 -36.9768
0.00000 0.00000 52.5106 -0.838425 -0.0687614 -53.1286 303.732 0.684057
0.00000 0.00000 51.6289 0.460495 -0.0678885 -33.4285 267.717 35.2794
0.00000 0.00000 48.5505 -0.124307 -0.0566821 12.5565 258.119 35.9759
0.00000 0.00000 50.1547 -0.754413 -0.471483 83.5409 239.881 -116.878
0.00000 0.00000 48.7321 -1.25054 -0.0926303 69.0448 360.302 45.8995
0.00000 0.00000 50.1134 1.32251 -0.246212 -52.6997 278.955 115.591
0.00000 0.00000 49.8442 -0.620862 0.127988 -159.863 339.730 83.0486
0.00000 0.00000 49.4394 0.391607 0.334420 19.3784 270.820 -59.7711
0.00000 0.00000 51.2695 0.178370 -0.665481 -15.3924 368.189 124.884
0.00000 0.00000 49.0547 -0.0875815 -0.0529102 47.6561 494.404 67.9493
0.00000 0.00000 49.6145 0.116502 0.455222 0.253216 424.385 -106.344
0.00000 0.00000 50.1355 0.0487955 -0.00487086 -6.76390 176.261 34.2913
0.00000 0.00000 49.8891 0.0365197 -0.438590 -67.5965 427.160 -19.4312
0.00000 0.00000 49.8073 -1.10261 0.595666 -146.146 212.921 -26.4527
0.00000 0.00000 50.2804 0.620057 -1.24631 70.1459 408.918 20.7598
0.00000 0.00000 50.3636 0.177872 2.01631 -80.2131 304.500 25.5622
0.00000 0.00000 49.3422 0.581780 -0.847433 5.98898 261.373 -7.17192
0.00000 0.00000 49.9365 0.472099 2.84380 -46.7735 328.172 -34.7313
0.00000 0.00000 49.8717 -0.627507 0.142298 -21.4601 251.740 -54.8463
0.00000 0.00000 50.1558 0.0488830 0.403305 65.5462 181.599 -69.8641
0.00000 0.00000 50.2877 0.234369 -0.0768247 48.0475 249.018 -84.0062
0.00000 0.00000 49.9473 0.453408 0.604320 -33.0473 301.979 -18.4837
0.00000 0.00000 49.9605 0.260439 0.0357019 -37.6901 312.377 42.8478
0.00000 0.00000 49.6457 -0.679940 -0.0157738 15.3630 200.256 -63.5443
0.00000 0.00000 51.9889 0.398342 -0.202653 6.15276 208.564 173.988
0.00000 0.00000 51.7355 0.901529 0.163957 -35.4142 241.258 -40.1007
0.00000 0.00000 50.2098 1.18002 -0.226023 -85.7487 314.173 -138.036
0.00000 0.00000 50.1273 -1.44603 0.445669 81.0025 263.224 -71.2543
0.00000 0.00000 50.1871 -0.283613 -0.870789 -47.3919 257.271 27.3301
0.00000 0.00000 49.8950 -0.494797 -0.807973 39.6814 306.176 10.0106
0.00000 0.00000 49.4858 -0.629988 1.14049 31.9371 205.325 6.83968
0.00000 0.00000 50.1564 1.10949 -2.19236 -94.9289 327.205 -7.13844
0.00000 0.00000 51.1602 -0.356620 0.0819763 -70.7450 326.329 -37.5142
0.00000 0.00000 50.9389 -0.673097 0.0377986 24.8792 205.043 20.1935
0.00000 0.00000 49.2659 -0.580769 -0.145857 84.2022 281.722 21.2162
0.00000 0.00000 49.1959 0.261262 0.108701 -62.3758 271.322 -23.8246
0.00000 0.00000 49.3858 0.845095 0.605843 -11.1682 352.984 -23.7641
0.00000 0.00000 49.5305 0.700604 -0.680299 47.7554 265.968 8.19889
0.00000 0.00000 49.4990 -0.183342 0.0153069 -75.5155 377.272 38.3825
